
// NORMALNY (rytm zatokowy) -- PhysioNet nsrdb/16265  rytm zatokowy  (fs=128Hz)
const uint16_t ecgRealNormal[128] PROGMEM = {
  829, 843, 828, 836, 845, 896, 805, 909, 897, 929, 982, 967, 908, 942, 877, 868,
  806, 856, 821, 829, 793, 0, 647, 3341, 4095, 3302, 1002, 565, 758, 742, 702, 701,
  736, 748, 744, 836, 808, 812, 864, 922, 912, 986, 999, 1071, 1097, 1115, 1098, 1078,
  1070, 971, 917, 868, 873, 840, 750, 867, 824, 819, 829, 885, 805, 841, 874, 873,
  851, 863, 850, 857, 829, 905, 852, 883, 908, 945, 995, 1005, 931, 929, 922, 854,
  840, 875, 814, 905, 899, 276, 25, 2425, 4056, 3899, 1544, 486, 855, 675, 727, 744,
  748, 760, 802, 778, 816, 853, 856, 875, 996, 957, 1039, 1080, 1105, 1139, 1174, 1094,
  1189, 986, 916, 911, 824, 873, 777, 812, 826, 793, 841, 903, 805, 897, 847, 889
};

// V-TACH (czestoskurcz komorowy) -- PhysioNet vfdb/420  rytm (VT  (fs=250Hz)
const uint16_t ecgTachy[128] PROGMEM = {
  704, 26, 353, 177, 383, 337, 379, 368, 449, 452, 580, 671, 741, 862, 1000, 1063,
  1219, 1323, 1350, 1359, 1458, 1350, 1373, 1387, 1204, 1152, 1162, 1074, 991, 1073, 1047, 1198,
  1511, 1684, 1951, 2493, 2690, 1192, 287, 282, 0, 224, 313, 524, 794, 839, 799, 831,
  788, 750, 799, 855, 855, 934, 947, 964, 1093, 1112, 1154, 1243, 1312, 1388, 1608, 1722,
  1796, 2211, 2689, 2710, 2538, 2503, 2250, 1814, 1304, 358, 280, 602, 430, 498, 522, 593,
  643, 861, 951, 1100, 1199, 1246, 1379, 1549, 1556, 1680, 1802, 1834, 1895, 2062, 2050, 2067,
  2167, 2148, 2173, 2355, 2493, 2687, 2932, 3135, 3384, 3683, 3936, 4095, 4056, 3864, 2790, 1433,
  1315, 1164, 1080, 1242, 1532, 1867, 1796, 1753, 1789, 1816, 1772, 1795, 1814, 1854, 1817, 2120
};

// V-FIB (migotanie/trzepotanie komor) -- PhysioNet vfdb/418  rytm (VFL  (fs=250Hz)
const uint16_t ecgVfib[128] PROGMEM = {
  1800, 2659, 2560, 2732, 2732, 2930, 2833, 2869, 2729, 2717, 2594, 2353, 1965, 1547, 876, 380,
  132, 155, 40, 0, 145, 271, 366, 504, 680, 1086, 1605, 1984, 2226, 2530, 2723, 2879,
  3144, 3278, 3335, 3444, 3451, 3391, 3197, 2872, 2363, 1631, 1020, 543, 358, 323, 198, 260,
  452, 486, 703, 1007, 1373, 2053, 2768, 3195, 3493, 3727, 3819, 3965, 4095, 4042, 4034, 3907,
  3742, 3693, 3646, 3126, 2639, 1757, 767, 393, 260, 138, 63, 130, 206, 298, 485, 681,
  1026, 1600, 2025, 2429, 2763, 2917, 3163, 3403, 3530, 3642, 3783, 3696, 3762, 3832, 3528, 3193,
  2685, 1771, 1066, 716, 504, 431, 490, 417, 555, 707, 918, 1067, 1492, 1968, 2475, 2917,
  3142, 3225, 3572, 3629, 3764, 3845, 3911, 3810, 3918, 3634, 3296, 2710, 1878, 999, 786, 334
};

// TRZEPOTANIE PRZEDSIONKOW -- PhysioNet afdb/08378  rytm (AFL  (fs=250Hz)
const uint16_t ecgFlutter[128] PROGMEM = {
  3224, 2805, 2954, 2894, 2953, 2940, 2924, 2926, 2911, 2898, 2986, 2913, 2912, 2923, 2896, 2890,
  2960, 2919, 2929, 2898, 2881, 2945, 2949, 2882, 2942, 2908, 2912, 2885, 2902, 2975, 2929, 2885,
  3011, 3042, 3131, 3213, 3245, 3175, 3010, 2910, 2821, 2830, 2827, 2840, 2814, 2728, 2694, 2415,
  2798, 3444, 3754, 2222, 401, 170, 370, 1443, 2384, 2616, 2744, 2657, 2724, 2872, 2777, 2815,
  2925, 2887, 2957, 3066, 3161, 3218, 3292, 3473, 3598, 3824, 3975, 4032, 4007, 4030, 4095, 3930,
  3848, 3716, 3554, 3563, 3367, 3279, 3196, 3139, 3138, 3081, 3019, 3028, 3013, 2953, 3013, 2884,
  2947, 2903, 2905, 2637, 2951, 3006, 2405, 1467, 479, 0, 127, 849, 2196, 2633, 2706, 2816,
  2772, 2761, 2705, 2788, 2705, 2770, 2789, 2954, 3055, 3297, 3401, 3614, 3704, 3853, 3945, 4006
};

// ASYSTOLIA (brak czynnosci elektr.) -- PhysioNet vfdb/423  rytm (ASYS  (fs=250Hz)
const uint16_t ecgAsystole[128] PROGMEM = {
  912, 0, 591, 486, 490, 472, 964, 1031, 1282, 1416, 1532, 1815, 1782, 1615, 2235, 2421,
  2289, 2625, 2613, 2337, 2781, 2910, 2506, 2885, 3123, 2799, 3112, 3311, 2843, 2938, 3158, 2845,
  2901, 3078, 2946, 2958, 3353, 3069, 3137, 3409, 2968, 3253, 3471, 3072, 3038, 3421, 3208, 3198,
  3642, 3263, 3004, 3432, 3012, 2944, 3397, 2957, 2927, 3392, 3242, 3241, 3655, 3498, 3229, 3811,
  3604, 3693, 4095, 4060, 3625, 3850, 4082, 3682, 3917, 3827, 3380, 3537, 3511, 3154, 3402, 3642,
  2999, 3322, 3409, 3058, 3127, 3256, 2665, 2953, 3315, 2910, 3156, 3317, 2699, 3025, 3280, 3292,
  3091, 3071, 2819, 2978, 3074, 2766, 2842, 3067, 2716, 2902, 2846, 2823, 2646, 3178, 2771, 2759,
  3043, 2847, 2793, 3127, 2830, 2452, 3059, 2806, 2758, 2856, 2566, 2416, 2776, 2684, 2284, 3057
};

// ============================================================
// STEMI i BLOK AV:
// To NIE sa zaburzenia rytmu tylko morfologii / przewodzenia.
// Nie wystepuja jako czyste petle w bazach rytmicznych powyzej.
// Realne zrodlo: STEMI -> PTB Diagnostic ECG Database (ptbdb),
// rekordy z rozpoznaniem 'Myocardial infarction'. Blok AV ->
// pojedyncze rekordy mitdb z wypadaniem zespolow QRS.
// Zostaw swoje dotychczasowe ecgStemi[] i ecgAvBlock[] -
// sa syntetyczne, ale poprawne ksztaltem.
// ============================================================
